1 sample_0001 3 10 9 7 7 5 8 10 5 7 0 0
2 sample_0002 7 5 6 6 5 6 6 4 11 6 0 0
3 sample_0003 9 9 7 9 6 13 7 8 10 7 0 0
4 sample_0004 8 4 9 11 9 5 4 6 4 6 0 0
5 sample_0005 10 6 7 8 6 8 4 8 11 10 0 0
6 sample_0006 12 6 7 11 10 8 10 9 13 7 0 0
7 sample_0007 6 8 6 6 7 11 4 6 7 8 0 0
8 sample_0008 10 11 8 9 7 8 6 8 5 9 0 0
9 sample_0009 13 12 7 7 8 12 10 7 5 6 0 0
10 sample_0010 9 8 11 11 8 12 8 9 9 9 0 0
11 sample_0011 9 6 8 5 7 7 9 10 9 5 0 0
12 sample_0012 12 5 7 6 5 4 11 3 7 5 0 0
13 sample_0013 6 9 6 9 4 13 8 9 4 4 0 0
14 sample_0014 10 7 8 5 13 6 3 7 7 7 0 0
15 sample_0015 6 3 12 8 7 6 6 6 7 6 0 0
16 sample_0016 9 6 4 8 7 8 6 9 10 5 0 0
17 sample_0017 5 3 3 5 7 12 8 8 9 5 0 0
18 sample_0018 10 13 9 5 6 12 11 6 5 8 0 0
19 sample_0019 8 6 10 5 10 6 7 7 9 6 0 0
20 sample_0020 13 12 13 6 7 6 5 7 7 9 0 0
21 sample_0021 4 6 7 6 10 9 7 4 7 6 0 0
22 sample_0022 5 4 11 6 6 6 13 10 4 7 0 0
23 sample_0023 8 7 5 3 6 6 11 5 8 7 0 0
24 sample_0024 10 4 13 6 9 9 8 7 9 9 0 0
25 sample_0025 8 8 10 5 6 8 5 7 11 14 0 0
8 0 0
